5.389310000000000489e-01 8.423500000000000432e-01 0.000000000000000000e+00 0.000000000000000000e+00
9.000310000000000255e-01 -4.358270000000000199e-01 0.000000000000000000e+00 0.000000000000000000e+00
-9.990200000000000191e-01 4.426800000000000179e-02 0.000000000000000000e+00 0.000000000000000000e+00
8.454899999999999638e-01 -5.339920000000000222e-01 0.000000000000000000e+00 0.000000000000000000e+00
7.242119999999999669e-01 6.895780000000000243e-01 0.000000000000000000e+00 0.000000000000000000e+00
-9.088089999999999780e-01 -4.172109999999999985e-01 0.000000000000000000e+00 0.000000000000000000e+00
-6.627119999999999678e-01 7.488740000000000396e-01 0.000000000000000000e+00 0.000000000000000000e+00
4.204539999999999944e-01 9.073139999999999539e-01 0.000000000000000000e+00 0.000000000000000000e+00
9.020869999999999722e-01 4.315539999999999932e-01 0.000000000000000000e+00 0.000000000000000000e+00
9.975519999999999943e-01 -6.992339999999999667e-02 0.000000000000000000e+00 0.000000000000000000e+00
-5.338079999999999492e-01 -8.456059999999999688e-01 0.000000000000000000e+00 0.000000000000000000e+00
9.637999999999999901e-01 -2.666279999999999761e-01 0.000000000000000000e+00 0.000000000000000000e+00
4.720840000000000036e-01 8.815530000000000310e-01 0.000000000000000000e+00 0.000000000000000000e+00
-5.870990000000000236e-02 -9.982750000000000234e-01 0.000000000000000000e+00 0.000000000000000000e+00
5.968040000000000012e-01 8.023869999999999614e-01 0.000000000000000000e+00 0.000000000000000000e+00
-8.555160000000000542e-01 5.177760000000000140e-01 0.000000000000000000e+00 0.000000000000000000e+00
-8.608879999999999311e-02 9.962870000000000337e-01 0.000000000000000000e+00 0.000000000000000000e+00
6.049320000000000253e-01 -7.962770000000000126e-01 0.000000000000000000e+00 0.000000000000000000e+00
9.902999999999999581e-01 -1.389469999999999872e-01 0.000000000000000000e+00 0.000000000000000000e+00
7.610820000000000363e-01 -6.486549999999999816e-01 0.000000000000000000e+00 0.000000000000000000e+00
2.249929999999999986e-01 9.743600000000000039e-01 0.000000000000000000e+00 0.000000000000000000e+00
-8.256120000000000125e-01 5.642380000000000173e-01 0.000000000000000000e+00 0.000000000000000000e+00
4.614400000000000168e-01 8.871710000000000429e-01 0.000000000000000000e+00 0.000000000000000000e+00
8.387900000000000356e-01 -5.444560000000000510e-01 0.000000000000000000e+00 0.000000000000000000e+00
7.219200000000000061e-01 -6.919760000000000355e-01 0.000000000000000000e+00 0.000000000000000000e+00
9.670330000000000314e-01 -2.546519999999999895e-01 0.000000000000000000e+00 0.000000000000000000e+00
5.518600000000000172e-01 8.339370000000000394e-01 0.000000000000000000e+00 0.000000000000000000e+00
-7.374960000000000404e-01 -6.753519999999999524e-01 0.000000000000000000e+00 0.000000000000000000e+00
3.863650000000000140e-01 9.223459999999999992e-01 0.000000000000000000e+00 0.000000000000000000e+00
-3.582350000000000256e-01 -9.336320000000000174e-01 0.000000000000000000e+00 0.000000000000000000e+00
9.290199999999999569e-01 -3.700309999999999988e-01 0.000000000000000000e+00 0.000000000000000000e+00
-8.123070000000000013e-01 -5.832300000000000262e-01 0.000000000000000000e+00 0.000000000000000000e+00
-5.610429999999999584e-01 -8.277870000000000505e-01 0.000000000000000000e+00 0.000000000000000000e+00
-8.470389999999999864e-01 5.315320000000000045e-01 0.000000000000000000e+00 0.000000000000000000e+00
-9.954450000000000243e-01 9.533709999999999407e-02 0.000000000000000000e+00 0.000000000000000000e+00
9.997289999999999788e-01 2.326980000000000021e-02 0.000000000000000000e+00 0.000000000000000000e+00
2.368899999999999895e-01 -9.715369999999999839e-01 0.000000000000000000e+00 0.000000000000000000e+00
-5.563660000000000272e-01 8.309370000000000367e-01 0.000000000000000000e+00 0.000000000000000000e+00
9.688639999999999475e-01 2.475930000000000075e-01 0.000000000000000000e+00 0.000000000000000000e+00
-9.850740000000000052e-01 -1.721290000000000042e-01 0.000000000000000000e+00 0.000000000000000000e+00
-9.758440000000000447e-01 2.184699999999999975e-01 0.000000000000000000e+00 0.000000000000000000e+00
-6.776809999999999778e-01 -7.353560000000000096e-01 0.000000000000000000e+00 0.000000000000000000e+00
1.794219999999999982e-01 -9.837719999999999798e-01 0.000000000000000000e+00 0.000000000000000000e+00
7.384880000000000333e-01 -6.742660000000000320e-01 0.000000000000000000e+00 0.000000000000000000e+00
-7.209370000000000500e-01 -6.930009999999999781e-01 0.000000000000000000e+00 0.000000000000000000e+00
-3.067500000000000088e-02 -9.995290000000000008e-01 0.000000000000000000e+00 0.000000000000000000e+00
-1.411519999999999997e-01 -9.899879999999999791e-01 0.000000000000000000e+00 0.000000000000000000e+00
7.619359999999999467e-01 -6.476530000000000342e-01 0.000000000000000000e+00 0.000000000000000000e+00
4.791619999999999768e-01 -8.777260000000000062e-01 0.000000000000000000e+00 0.000000000000000000e+00
7.547249999999999792e-01 6.560409999999999853e-01 0.000000000000000000e+00 0.000000000000000000e+00
-8.566740000000000466e-01 5.158580000000000387e-01 0.000000000000000000e+00 0.000000000000000000e+00
9.680830000000000268e-01 -2.506309999999999927e-01 0.000000000000000000e+00 0.000000000000000000e+00
-9.995899999999999785e-01 -2.862730000000000136e-02 0.000000000000000000e+00 0.000000000000000000e+00
-8.127640000000000420e-01 -5.825939999999999452e-01 0.000000000000000000e+00 0.000000000000000000e+00
-6.723540000000000072e-03 9.999770000000000048e-01 0.000000000000000000e+00 0.000000000000000000e+00
9.962440000000000184e-01 -8.659429999999999905e-02 0.000000000000000000e+00 0.000000000000000000e+00
-7.328689999999999927e-01 -6.803690000000000015e-01 0.000000000000000000e+00 0.000000000000000000e+00
2.649889999999999746e-01 9.642509999999999692e-01 0.000000000000000000e+00 0.000000000000000000e+00
-7.083829999999999849e-01 -7.058290000000000397e-01 0.000000000000000000e+00 0.000000000000000000e+00
8.846089999999999787e-01 -4.663329999999999975e-01 0.000000000000000000e+00 0.000000000000000000e+00
-9.654949999999999921e-01 -2.604230000000000156e-01 0.000000000000000000e+00 0.000000000000000000e+00
3.836830000000000102e-02 -9.992640000000000411e-01 0.000000000000000000e+00 0.000000000000000000e+00
4.423790000000000222e-01 -8.968279999999999585e-01 0.000000000000000000e+00 0.000000000000000000e+00
3.994429999999999925e-01 9.167579999999999618e-01 0.000000000000000000e+00 0.000000000000000000e+00
6.821009999999999573e-01 7.312579999999999636e-01 0.000000000000000000e+00 0.000000000000000000e+00
2.691109999999999891e-01 9.631089999999999929e-01 0.000000000000000000e+00 0.000000000000000000e+00
-7.646479999999999944e-01 -6.444480000000000208e-01 0.000000000000000000e+00 0.000000000000000000e+00
-6.510299999999999976e-01 -7.590519999999999490e-01 0.000000000000000000e+00 0.000000000000000000e+00
-9.864540000000000530e-01 -1.640409999999999924e-01 0.000000000000000000e+00 0.000000000000000000e+00
9.477200000000000069e-01 3.191039999999999988e-01 0.000000000000000000e+00 0.000000000000000000e+00
-4.195249999999999813e-01 -9.077439999999999953e-01 0.000000000000000000e+00 0.000000000000000000e+00
3.057090000000000085e-01 -9.521249999999999991e-01 0.000000000000000000e+00 0.000000000000000000e+00
-1.316299999999999970e-01 -9.912990000000000412e-01 0.000000000000000000e+00 0.000000000000000000e+00
9.362310000000000354e-01 3.513839999999999741e-01 0.000000000000000000e+00 0.000000000000000000e+00
-8.902309999999999945e-01 4.555080000000000240e-01 0.000000000000000000e+00 0.000000000000000000e+00
-9.518400000000000194e-01 3.065939999999999777e-01 0.000000000000000000e+00 0.000000000000000000e+00
-9.958310000000000217e-01 -9.121469999999999578e-02 0.000000000000000000e+00 0.000000000000000000e+00
9.359399999999999942e-01 3.521589999999999998e-01 0.000000000000000000e+00 0.000000000000000000e+00
-3.490829999999999766e-01 -9.370920000000000361e-01 0.000000000000000000e+00 0.000000000000000000e+00
-2.217709999999999959e-01 9.750990000000000490e-01 0.000000000000000000e+00 0.000000000000000000e+00
7.216010000000000479e-01 -6.923089999999999522e-01 0.000000000000000000e+00 0.000000000000000000e+00
5.395330000000000403e-01 8.419640000000000457e-01 0.000000000000000000e+00 0.000000000000000000e+00
2.269889999999999963e-01 -9.738970000000000127e-01 0.000000000000000000e+00 0.000000000000000000e+00
9.784709999999999797e-01 -2.063850000000000129e-01 0.000000000000000000e+00 0.000000000000000000e+00
-8.241789999999999949e-01 5.663289999999999713e-01 0.000000000000000000e+00 0.000000000000000000e+00
5.568549999999999889e-01 8.306099999999999595e-01 0.000000000000000000e+00 0.000000000000000000e+00
5.985580000000000345e-01 -8.010789999999999855e-01 0.000000000000000000e+00 0.000000000000000000e+00
-1.898090000000000055e-01 9.818210000000000548e-01 0.000000000000000000e+00 0.000000000000000000e+00
3.105490000000000195e-01 9.505569999999999853e-01 0.000000000000000000e+00 0.000000000000000000e+00
-9.983100000000000307e-01 -5.811310000000000087e-02 0.000000000000000000e+00 0.000000000000000000e+00
-9.858460000000000001e-01 -1.676529999999999965e-01 0.000000000000000000e+00 0.000000000000000000e+00
4.341559999999999864e-01 -9.008380000000000276e-01 0.000000000000000000e+00 0.000000000000000000e+00
9.220909999999999940e-01 -3.869730000000000114e-01 0.000000000000000000e+00 0.000000000000000000e+00
9.999599999999999600e-01 8.913090000000000249e-03 0.000000000000000000e+00 0.000000000000000000e+00
-9.970560000000000533e-01 7.668320000000000691e-02 0.000000000000000000e+00 0.000000000000000000e+00
2.211599999999999955e-01 9.752370000000000205e-01 0.000000000000000000e+00 0.000000000000000000e+00
-5.394600000000000090e-02 9.985439999999999872e-01 0.000000000000000000e+00 0.000000000000000000e+00
-9.720450000000000479e-01 2.347940000000000027e-01 0.000000000000000000e+00 0.000000000000000000e+00
-9.023160000000000069e-01 -4.310760000000000147e-01 0.000000000000000000e+00 0.000000000000000000e+00
-9.443409999999999860e-01 3.289690000000000114e-01 0.000000000000000000e+00 0.000000000000000000e+00
0.000000000000000000e+00 0.000000000000000000e+00 0.000000000000000000e+00 0.000000000000000000e+00
0.000000000000000000e+00 0.000000000000000000e+00 0.000000000000000000e+00 0.000000000000000000e+00
